url_path,views_total,views_unique
/adrian-lison/EpiSewer,17,17
/adrian-lison/EpiSewer/blob/main/README.md,1,1
/adrian-lison/EpiSewer/stargazers,1,1
